[app/ui]
version = 9.0.1
modtime = 1663346616.349102800

[app/launcher]
version = 9.0.1
modtime = 1663346616.395336300

[app/package/check_for_updates]
version = 9.0.1
modtime = 1663346616.413194900
